[1 7749363893356586169 7749363893356586169 2] 993587
[1 8450407967963833808 8450407967963833808 1] 894046
[1 4730966302951168844 4730966302951168844 1] 1932626
[1 4403210617944963238 4403210617944963238 3] 6189523
[1 150346236973131253 150346236973131253 1] 5023988
[1 1822089775280894195 1822089775280894195 1] 7509938
[1 3698059312795779809 3698059312795779809 1] 5492492
[1 4851450802694101754 4851450802694101754 2] 6565261
[1 8450407967963833808 8450407967963833808 1] 117
[1 4858364911245529076 4858364911245529076 1] 8679558
[1 4835695806979482836 4835695806979482836 1] 10882896
[1 3217969341489499266 3217969341489499266 1] 10189511
[1 3250854464569619465 3250854464569619465 2] 11495303
[1 4978410431728192639 4978410431728192639 1] 9146409
[1 2197744667374574532 2197744667374574532 1] 10887777
[1 2547815149972623845 2547815149972623845 2] 4430871
[1 721564148080595287 721564148080595287 2] 447738
[1 3217969341489499266 3217969341489499266 1] 87
[1 4903203917271735144 4903203917271735144 2] 12149031
[1 8029313043586665474 8029313043586665474 1] 966747
[1 951586254236631086 951586254236631086 3] 7077227
[1 5287931004520922900 5287931004520922900 8] 3671724
[1 951586254236631086 951586254236631086 2] 107
[1 6344401509648144738 6344401509648144738 2] 15338362
[1 1663640511426390422 1663640511426390422 2] 4014282
[1 5321619225005942614 5321619225005942614 1] 2360182
[1 5897962221956995512 5897962221956995512 1] 7548735
[1 3312070181901919651 3312070181901919651 1] 4990026
[1 8522117110820751872 8522117110820751872 2] 16153369
[1 3250854464569619465 3250854464569619465 1] 104
[1 2214184573454476602 2214184573454476602 3] 11580224
[1 2922583494542665610 2922583494542665610 1] 3536656
[1 5992489245535112493 5992489245535112493 1] 4749642
[1 9033685357592327863 9033685357592327863 1] 6215217
[1 9033685357592327863 9033685357592327863 1] 134
[1 4586400317966310758 4586400317966310758 1] 7155598
[1 919017376376659804 919017376376659804 4] 9712838
[1 5784510510427390044 5784510510427390044 1] 1345892
[1 808369788346465354 808369788346465354 1] 1467957
[1 2062866308282685264 2062866308282685264 1] 7910416
[1 6215967033411041611 6215967033411041611 1] 4443261
[1 1683779944783161779 1683779944783161779 1] 8016658
[1 5036946906818305099 5036946906818305099 1] 10869411
[1 8709797118651319570 8709797118651319570 1] 10367441
[1 6230166267992281283 6230166267992281283 1] 9491260
[1 2062866308282685264 2062866308282685264 1] 96
[1 1026336552757573535 1026336552757573535 1] 6647501
[1 2663504857693781241 2663504857693781241 1] 8838785
[1 9079148035812006600 9079148035812006600 1] 8707163
[1 2742001999554151866 2742001999554151866 1] 8858866
[1 4025974196412395346 4025974196412395346 1] 11696754
[1 5314502797694871296 5314502797694871296 1] 10219846
[1 8451125953857787130 8451125953857787130 1] 12843118
[1 4276528517915089136 4276528517915089136 1] 11586811
[1 1450579245677056042 1450579245677056042 1] 6428421
[1 8379291955294826422 8379291955294826422 1] 9613176
[1 1394850415486416813 1394850415486416813 1] 8864075
[1 4025974196412395346 4025974196412395346 1] 12183331
[1 5142588962622644988 5142588962622644988 1] 8631749
[1 1118414874366739020 1118414874366739020 1] 6015369
[1 5382485966922274147 5382485966922274147 1] 10397450
[1 3089568524625336599 3089568524625336599 1] 12240787
[1 1394850415486416813 1394850415486416813 2] 108
[1 3006943460625193527 3006943460625193527 1] 11436531
[1 8450407967963833808 8450407967963833808 2] 112
[1 2783273353377496957 2783273353377496957 1] 10071872
[1 453443660045933473 453443660045933473 1] 11544492
[1 7653630665064253119 7653630665064253119 1] 8278111
[1 3006943460625193527 3006943460625193527 1] 10241602
[1 7142452342423388406 7142452342423388406 1] 14024961
[1 492733707351619402 492733707351619402 1] 11705974
[1 3006943460625193527 3006943460625193527 1] 6305073
[1 8100681940205857706 8100681940205857706 1] 9269226
[1 2783273353377496957 2783273353377496957 2] 108
[1 4003022495192092062 4003022495192092062 1] 7583283
[1 5623758465462813669 5623758465462813669 1] 12994541
[1 5122639946754095175 5122639946754095175 1] 10588832
[1 1098607658713461385 1098607658713461385 1] 16606796
[1 4851450802694101754 4851450802694101754 1] 102
[1 55384252974608570 55384252974608570 1] 9314184
[1 6327107451531181219 6327107451531181219 1] 10132292
[1 4443205945246579843 4443205945246579843 1] 15648806
[1 2374731455954899905 2374731455954899905 1] 16706176
[1 5122639946754095175 5122639946754095175 1] 113
[1 2889032688687768007 2889032688687768007 1] 9075122
[1 2038451591494769948 2038451591494769948 1] 16506590
[1 6251715587077906972 6251715587077906972 1] 13346343
[1 1730455970018110263 1730455970018110263 1] 13944844
[1 5096544028094417434 5096544028094417434 1] 10105802
[1 492733707351619402 492733707351619402 1] 233
[1 7645781643712741415 7645781643712741415 1] 14076016
[1 3547847604411504343 3547847604411504343 1] 8335648
[1 7979005431956651802 7979005431956651802 1] 11005830
[1 1670917268757252462 1670917268757252462 1] 17525072
[1 2278473013176905898 2278473013176905898 1] 9268803
[1 2150142217590665417 2150142217590665417 1] 15501136
[1 2150142217590665417 2150142217590665417 1] 2899248
[1 304033671185846004 304033671185846004 1] 11365013
[1 304033671185846004 304033671185846004 2] 119
[1 8760546233197097754 8760546233197097754 1] 7168446
[1 6240108911347170346 6240108911347170346 1] 3942002
[1 5113881680809362243 5113881680809362243 1] 6626376
[1 7984479650696380043 7984479650696380043 1] 1866072
[1 7074452435995760515 7074452435995760515 1] 12203629
[1 2027184978376580514 2027184978376580514 1] 14838536
[1 2197744667374574532 2197744667374574532 2] 87
[1 4224663978757677618 4224663978757677618 1] 14276314
[1 4003022495192092062 4003022495192092062 1] 114
[1 5547182613604001849 5547182613604001849 1] 10804158
[1 4131900282332336619 4131900282332336619 3] 10572416
[1 1730455970018110263 1730455970018110263 1] 114
[1 1106706149975597887 1106706149975597887 1] 8764185
[1 5665241414699406589 5665241414699406589 1] 9040885
[1 462717070625898989 462717070625898989 1] 6249191
[1 2603608140131660020 2603608140131660020 1] 11115334
[1 1168317549837208102 1168317549837208102 1] 11451295
[1 6454397336116635183 6454397336116635183 1] 8436937
[1 9204647620209846099 9204647620209846099 1] 9323587
[1 149210880824766555 149210880824766555 1] 1549636
[1 8541465474884847788 8541465474884847788 1] 5068341
[1 2704083982440410326 2704083982440410326 1] 11434289
[1 1743804041107971515 1743804041107971515 1] 7950652
[1 951586254236631086 951586254236631086 1] 99
[1 6271005278390030479 6271005278390030479 1] 4594348
[1 1761512319882943271 1761512319882943271 1] 1149884
[1 3006943460625193527 3006943460625193527 3] 123
[1 3070387191702066255 3070387191702066255 1] 8017963
[1 320201860255319144 320201860255319144 1] 15829805
[1 7575439382910050909 7575439382910050909 1] 7551197
[1 8000989950678003980 8000989950678003980 2] 4627386
[1 889171069352176969 889171069352176969 1] 4188435
[1 675479725496739489 675479725496739489 1] 9091158
[1 6160845049254909071 6160845049254909071 1] 11805327
[1 2258419236008747236 2258419236008747236 3] 8585390
[1 405047190258471985 405047190258471985 1] 10969356
[1 6032349415535244940 6032349415535244940 1] 5359909
[1 4000715281222746508 4000715281222746508 1] 2450181
[1 2207344571756906808 2207344571756906808 1] 7797841
[1 3486408340976714497 3486408340976714497 1] 3889422
[1 2663504857693781241 2663504857693781241 1] 102
[1 7796267298363158803 7796267298363158803 1] 8861596
[1 5036946906818305099 5036946906818305099 1] 122
[1 5372149612620992122 5372149612620992122 1] 11147890
[1 8558051289080714025 8558051289080714025 1] 7877710
[1 5096544028094417434 5096544028094417434 1] 108
[1 8699688230903539085 8699688230903539085 1] 11477969
[1 899191842284536540 899191842284536540 2] 6825234
[1 7998483759744918243 7998483759744918243 1] 9924406
[1 2046828019606008873 2046828019606008873 1] 3674582
[1 7170343861202493159 7170343861202493159 1] 6598642
[1 8499807796169635734 8499807796169635734 1] 9646603
[1 6972366565782993416 6972366565782993416 1] 7614927
[1 2663504857693781241 2663504857693781241 1] 119
[1 6216516458494088617 6216516458494088617 1] 4329950
[1 6459492761234732247 6459492761234732247 1] 11103076
[1 2886819026511931520 2886819026511931520 1] 7256896
[1 2269606276887314968 2269606276887314968 1] 192687
[1 7833148007486084615 7833148007486084615 1] 9889940
[1 6914936418740476808 6914936418740476808 1] 3144589
[1 687416080485209988 687416080485209988 2] 3479059
[1 3318438729107275852 3318438729107275852 1] 5565877
[1 4224663978757677618 4224663978757677618 2] 114
[1 262428344229182515 262428344229182515 1] 8859020
[1 4428652822775240186 4428652822775240186 1] 5360448
[1 2704029599435315544 2704029599435315544 1] 4876960
[1 2180034184336828240 2180034184336828240 1] 148778
[1 9169839329415900361 9169839329415900361 2] 3532805
[1 7458173336112205168 7458173336112205168 1] 4817359
[1 5096544028094417434 5096544028094417434 1] 245
[1 8851821367018876692 8851821367018876692 1] 7181218
[1 4851450802694101754 4851450802694101754 1] 1725
[1 3562976178969912317 3562976178969912317 1] 4040047
[1 53893933126004403 53893933126004403 1] 7353058
[1 1426952561436439562 1426952561436439562 1] 9356153
[1 8281509985928943973 8281509985928943973 1] 2792871
[1 2888640256470845983 2888640256470845983 1] 4201983
[1 8925402805426238457 8925402805426238457 2] 5543759
[1 3932952449069911661 3932952449069911661 2] 9063619
[1 4217291495300046796 4217291495300046796 1] 10881711
[1 2027789306346500880 2027789306346500880 1] 4844360
[1 3313465753986659025 3313465753986659025 2] 8609140
[1 6905339103082260816 6905339103082260816 2] 1250920
[1 1865264080307119270 1865264080307119270 3] 4371385
[1 8947059050266144744 8947059050266144744 1] 7698047
[1 5882724227033953617 5882724227033953617 1] 2526766
[1 4382613186920672232 4382613186920672232 2] 7246619
[1 8535488520172653504 8535488520172653504 1] 3943026
[1 4175246729445520730 4175246729445520730 2] 1159039
[1 2630036960214672712 2630036960214672712 1] 5408909
[1 4903203917271735144 4903203917271735144 1] 108
[1 952253891395559408 952253891395559408 2] 8788793
[1 1367182761981597975 1367182761981597975 1] 3494207
[1 1715810423829871691 1715810423829871691 1] 5317959
[1 6327107451531181219 6327107451531181219 1] 107
[1 8204289693285069975 8204289693285069975 1] 6648609
[1 5122639946754095175 5122639946754095175 1] 96
[1 1336892577760283924 1336892577760283924 1] 4368919
[1 5051851533052132844 5051851533052132844 1] 10899249
[1 165999276225320121 165999276225320121 1] 8008512
[1 8681433323037008848 8681433323037008848 1] 4143930
[1 2279721255144431873 2279721255144431873 1] 10377885
[1 8541465474884847788 8541465474884847788 1] 97
[1 8258180460922795347 8258180460922795347 1] 9924999
[1 1678680035386572994 1678680035386572994 1] 9087835
[1 7270150984125195383 7270150984125195383 1] 10544773
[1 2071968327292021006 2071968327292021006 1] 8600993
[1 5872118351414408107 5872118351414408107 1] 5834100
[1 2287048657944690277 2287048657944690277 1] 2575488
[1 918918502821158794 918918502821158794 1] 6213831
[1 831299782345990778 831299782345990778 1] 2741648
[1 3847747299560331595 3847747299560331595 1] 11191246
[1 8079046571118024109 8079046571118024109 1] 10121910
[1 6655031872301343167 6655031872301343167 1] 4325536
[1 2463879733418479124 2463879733418479124 1] 1065501
[1 432370403398276 432370403398276 1] 4207326
[1 7554878995463330138 7554878995463330138 1] 9283288
[1 9204647620209846099 9204647620209846099 1] 105
[1 1280618713579219177 1280618713579219177 1] 11050201
[1 9084833655101682441 9084833655101682441 1] 14090762
[1 2889032688687768007 2889032688687768007 1] 110
[1 2273336682803712235 2273336682803712235 1] 4433827
[1 4318240934940934950 4318240934940934950 3] 6169626
[1 2237828375325768807 2237828375325768807 1] 8523988
[1 1034911695398955529 1034911695398955529 2] 3075855
[1 3503723181234589329 3503723181234589329 1] 4723411
[1 7379891127007820343 7379891127007820343 1] 3064928
[1 4121703699000381634 4121703699000381634 1] 3114929
[1 3795889632202702080 3795889632202702080 1] 7986937
[1 429003652259216353 429003652259216353 1] 2192408
[1 6489294121256100370 6489294121256100370 1] 2852244
[1 9052308520086264826 9052308520086264826 1] 13132283
[1 7633397359219635194 7633397359219635194 1] 7536282
[1 8366026875881980652 8366026875881980652 1] 5183694
[1 6620337925026195487 6620337925026195487 1] 116267
[1 4859121327176962324 4859121327176962324 1] 1368605
[1 7055184714919242400 7055184714919242400 1] 4561538
[1 3547847604411504343 3547847604411504343 2] 102
[1 1231760677919876708 1231760677919876708 1] 5407340
[1 2299036471008606515 2299036471008606515 1] 7572986
[1 8535488520172653504 8535488520172653504 1] 106
[1 5242374684345285269 5242374684345285269 2] 5022899
[1 4106564940610553445 4106564940610553445 1] 8220722
[1 5843210660749127642 5843210660749127642 1] 11862107
[1 3816002590302925114 3816002590302925114 1] 6778990
[1 4372455371237390052 4372455371237390052 1] 5482953
[1 824843573865395042 824843573865395042 1] 6732552
[1 336801041497046691 336801041497046691 1] 9309786
[1 304033671185846004 304033671185846004 5] 96
[1 1006149978318592450 1006149978318592450 1] 3261144
[1 5505911748370838237 5505911748370838237 3] 7190870
[1 9204647620209846099 9204647620209846099 1] 102
[1 5565485169148881624 5565485169148881624 2] 4099662
[1 2415447857946078209 2415447857946078209 1] 10670740
[1 500036277687456158 500036277687456158 2] 4142040
[1 6697498357185979202 6697498357185979202 3] 1519160
[1 6944601625059417106 6944601625059417106 1] 2418830
[1 6974187162592969337 6974187162592969337 1] 4437034
[1 2440066578948466940 2440066578948466940 1] 2683408
[1 5890848307838821641 5890848307838821641 1] 549119
[1 2180034184336828240 2180034184336828240 1] 102
[1 7314084505802710030 7314084505802710030 1] 1882535
[1 5050838064188165689 5050838064188165689 1] 3337547
[1 192435662863971483 192435662863971483 1] 9348059
[1 8000989950678003980 8000989950678003980 1] 127
[1 1983635001270055429 1983635001270055429 2] 2284275
[1 8361055995867289564 8361055995867289564 2] 4323011
[1 1394850415486416813 1394850415486416813 1] 3027
[1 6215967033411041611 6215967033411041611 2] 120
[1 2381999205713478410 2381999205713478410 1] 4980957
[1 2787531550665265052 2787531550665265052 2] 6172298
[1 136569502232273168 136569502232273168 1] 2657789
[1 6722940726011536717 6722940726011536717 1] 7656210
[1 2197744667374574532 2197744667374574532 3] 245
[1 6780537489577624924 6780537489577624924 1] 4307598
[1 5913916829928942901 5913916829928942901 1] 7295679
[1 7007653033576250684 7007653033576250684 1] 8768130
[1 4716706637667979471 4716706637667979471 1] 4669060
[1 5913916829928942901 5913916829928942901 1] 7610882
[1 4014157328350229548 4014157328350229548 1] 5912423
[1 2127623123991907818 2127623123991907818 1] 4401450
[1 3547847604411504343 3547847604411504343 1] 105
[1 6256688009816192805 6256688009816192805 1] 6888404
[1 5897962221956995512 5897962221956995512 1] 101
[1 1661095225115744982 1661095225115744982 3] 5464602
[1 1981156224824823097 1981156224824823097 2] 7103838
[1 919017376376659804 919017376376659804 1] 111
[1 8640026281580585187 8640026281580585187 2] 5573823
[1 2162339052744653787 2162339052744653787 1] 1553075
[1 6307244154194596334 6307244154194596334 1] 9997945
[1 3079055613014854749 3079055613014854749 1] 10283710
[1 7589682885820731058 7589682885820731058 1] 8249387
[1 2468241643018385423 2468241643018385423 1] 10470915
[1 9084833655101682441 9084833655101682441 1] 106
[1 4681368613669345939 4681368613669345939 3] 4577961
[1 7746412701513874844 7746412701513874844 1] 3591744
[1 7628241640287466336 7628241640287466336 2] 8582056
[1 4249837219456064550 4249837219456064550 1] 4773697
[1 8375823368984479914 8375823368984479914 1] 10628979
[1 8535488520172653504 8535488520172653504 2] 140
[1 853062986918303211 853062986918303211 4] 5402294
[1 4014157328350229548 4014157328350229548 1] 114
[1 414968818620978933 414968818620978933 1] 9170720
[1 3133473347103949985 3133473347103949985 2] 3983153
[1 6849484493974900829 6849484493974900829 1] 10763899
[1 2180034184336828240 2180034184336828240 2] 110
[1 7518863646862248118 7518863646862248118 1] 4195075
[1 322945690663303768 322945690663303768 2] 9313071
[1 4217291495300046796 4217291495300046796 1] 4011
[1 8342895331722903161 8342895331722903161 1] 11989255
[1 5122639946754095175 5122639946754095175 2] 117
[1 3694294019344850909 3694294019344850909 1] 3571122
[1 1332614163029778628 1332614163029778628 1] 3105385
[1 1079084003748317581 1079084003748317581 1] 5872471
[1 1194817632068346964 1194817632068346964 1] 862172
[1 3063838592259247854 3063838592259247854 1] 8963011
[1 4003022495192092062 4003022495192092062 1] 126
[1 5314502797694871296 5314502797694871296 1] 217
[1 6240108911347170346 6240108911347170346 1] 1010
[1 7029790360335171582 7029790360335171582 1] 3078512
[1 5349237379054548839 5349237379054548839 1] 441095
[1 2698346512201414921 2698346512201414921 1] 6648196
[1 3854881622458664998 3854881622458664998 1] 1716136
[1 2704083982440410326 2704083982440410326 1] 132
[1 3701570273293076537 3701570273293076537 1] 1513660
[1 3680700039414319916 3680700039414319916 2] 6792143
[1 4851450802694101754 4851450802694101754 2] 122
[1 5665241414699406589 5665241414699406589 1] 258
[1 8682060811591818610 8682060811591818610 1] 2993011
[1 142444555209911565 142444555209911565 1] 4248392
[1 2467975792136458066 2467975792136458066 1] 2587826
[1 3546748320825051757 3546748320825051757 1] 887012
[1 2713150456512491041 2713150456512491041 1] 3406142
[1 1571368769989999459 1571368769989999459 1] 268871
[1 1221176489264538970 1221176489264538970 1] 1017002
[1 875509843989587778 875509843989587778 1] 2332141
[1 380704330892802294 380704330892802294 1] 4196317
[1 889171069352176969 889171069352176969 1] 267
[1 5602520905355808034 5602520905355808034 1] 2509189
[1 5719029074158857264 5719029074158857264 1] 204174
[1 1565650837438586596 1565650837438586596 1] 5049875
[1 8252251057740519559 8252251057740519559 1] 3808140
[1 7829832820626931210 7829832820626931210 1] 300424
[1 5492372928085568294 5492372928085568294 1] 920719
[1 1280618713579219177 1280618713579219177 1] 152
[1 2197744667374574532 2197744667374574532 1] 111
[1 5448735343122494297 5448735343122494297 2] 4906690
[1 1841144170780752623 1841144170780752623 1] 3772844
[1 1018509800770562838 1018509800770562838 2] 2209820
[1 6750940904634800664 6750940904634800664 1] 968329
[1 8893621653920284460 8893621653920284460 1] 6560910
[1 4151592772495229739 4151592772495229739 1] 1300285
[1 1426952561436439562 1426952561436439562 1] 251
[1 8489924878879487859 8489924878879487859 1] 1857141
[1 6655031872301343167 6655031872301343167 1] 113
[1 1079084003748317581 1079084003748317581 1] 104
[1 2804600613875772765 2804600613875772765 2] 1986604
[1 2282143655693449699 2282143655693449699 1] 5948637
[1 2658817033079659898 2658817033079659898 1] 4393268
[1 4224663978757677618 4224663978757677618 1] 129
[1 7634232713333910366 7634232713333910366 2] 5580893
[1 1865264080307119270 1865264080307119270 1] 114
[1 6209813808759085947 6209813808759085947 1] 4544162
[1 5217485741344436134 5217485741344436134 1] 2384423
[1 3126063720824403686 3126063720824403686 1] 1444548
[1 2251873485556366559 2251873485556366559 1] 1029715
[1 761552898331811111 761552898331811111 1] 5315443
[1 5602153258418499929 5602153258418499929 1] 2122546
[1 2783273353377496957 2783273353377496957 1] 121
[1 5117947224628080044 5117947224628080044 1] 2402495
[1 4149244043671467501 4149244043671467501 1] 6621494
[1 4098674338365529494 4098674338365529494 1] 1431474
[1 2769543879329069838 2769543879329069838 1] 451001
[1 3326042553137063965 3326042553137063965 1] 5185253
[1 5282547837288302490 5282547837288302490 2] 4890467
[1 7203335603726125179 7203335603726125179 1] 100221
[1 2698346512201414921 2698346512201414921 1] 114
[1 8050538385923670131 8050538385923670131 2] 1382433
[1 7478227191809628231 7478227191809628231 1] 8231520
[1 572463207280570033 572463207280570033 1] 6603580
[1 7385225699185879201 7385225699185879201 1] 7617377
[1 5850790973578794145 5850790973578794145 1] 8761961
[1 2467975792136458066 2467975792136458066 4] 232
[1 8395680957925791127 8395680957925791127 1] 4769218
[1 6587636598570884358 6587636598570884358 1] 5914873
[1 492733707351619402 492733707351619402 1] 97
[1 5151004942680741479 5151004942680741479 1] 8421060
[1 5522726489595868357 5522726489595868357 1] 9694442
[1 2739158467672240550 2739158467672240550 1] 7566534
[1 2757850513429085328 2757850513429085328 1] 8205288
[1 19489428951153568 19489428951153568 3] 7992944
[1 1934434966567485005 1934434966567485005 1] 7421619
[1 6917778437844334212 6917778437844334212 1] 6230357
[1 1489514897526814072 1489514897526814072 1] 12107285
[1 8010259530676662875 8010259530676662875 1] 7217822
[1 6240108911347170346 6240108911347170346 1] 102
[1 2468241643018385423 2468241643018385423 1] 126
[1 2928859708282860171 2928859708282860171 1] 5428816
[1 5182989852241457960 5182989852241457960 1] 8016404
[1 4776378133458405664 4776378133458405664 1] 14458088
[1 6865781824309919035 6865781824309919035 1] 11865035
[1 7866427122690187711 7866427122690187711 1] 9473940
[1 2406958257204739072 2406958257204739072 1] 4636007
[1 8564850485352501487 8564850485352501487 1] 6628261
[1 5890848307838821641 5890848307838821641 2] 108
[1 8535488520172653504 8535488520172653504 1] 89
[1 7777421076821835033 7777421076821835033 1] 7265651
[1 5149286913574921671 5149286913574921671 1] 3305652
[1 3862610579766422609 3862610579766422609 1] 1740549
[1 4530647240185042613 4530647240185042613 1] 3171613
[1 2889032688687768007 2889032688687768007 1] 119
[1 3963755962891399398 3963755962891399398 1] 4761044
[1 1414635302750141000 1414635302750141000 1] 382171
[1 8940286247072112557 8940286247072112557 1] 13531094
[1 6303742763984247789 6303742763984247789 2] 2291133
[1 1983333296874121582 1983333296874121582 1] 14450356
[1 3908648517774399064 3908648517774399064 1] 795341
[1 8262551891175652281 8262551891175652281 1] 13815040
[1 4640722076299846510 4640722076299846510 2] 4804130
[1 301928165270427725 301928165270427725 1] 608451
[1 5446563567744995903 5446563567744995903 1] 15331799
[1 1156917130205980729 1156917130205980729 1] 1436045
[1 3245255218449294845 3245255218449294845 1] 4044474
[1 4106564940610553445 4106564940610553445 1] 252
[1 8264379714544361989 8264379714544361989 1] 3657209
[1 2181613821796591086 2181613821796591086 1] 1415001
[1 6655031872301343167 6655031872301343167 1] 2488
[1 3308676358864271121 3308676358864271121 1] 3133788
[1 1618666045112871076 1618666045112871076 1] 6733612
[1 4000060747348154132 4000060747348154132 2] 8947779
[1 9052308520086264826 9052308520086264826 1] 113
[1 6948696112614864127 6948696112614864127 1] 9740465
[1 8721696634641355708 8721696634641355708 1] 2807938
[1 829307114089815476 829307114089815476 1] 2341191
[1 2704029599435315544 2704029599435315544 2] 144
[1 4716706637667979471 4716706637667979471 1] 107
[1 4201031315230441721 4201031315230441721 1] 8757373
[1 3480690074393248528 3480690074393248528 1] 8731491
[1 1899909086321687038 1899909086321687038 1] 3380830
[1 8966906926326403896 8966906926326403896 1] 2141680
[1 7749363893356586169 7749363893356586169 2] 116
[1 4247689199881875340 4247689199881875340 1] 2385311
[1 6113992303462887672 6113992303462887672 2] 7956003
[1 1038993864604125803 1038993864604125803 1] 4632340
[1 6034846600938153984 6034846600938153984 2] 4186962
[1 600105008310605725 600105008310605725 2] 4005701
[1 7420292866563120002 7420292866563120002 1] 2615179
[1 8539169098052931094 8539169098052931094 1] 8506348
[1 4516278362319247729 4516278362319247729 1] 5066947
